geschmack: 0.28549803209203756
dose: 0.267332727823191
'xc2xbd: 0.22085982440205873
saft: 0.214199212836815
schwarzer: 0.18891916439600362
glas: 0.18150166515289132
dünne: 0.171359370269452
tasse: 0.16106569785043898
handvoll: 0.1568271268543748
garnieren: 0.14123524069028157
weiBer: 0.1372994247653648
getrockneter: 0.12821677263094156
trockener: 0.12806539509536785
'xc2xbc: 0.12428095670602482
frisches: 0.12397820163487738
würfel: 0.12322131395700878
dill: 0.12216167120799273
kleines: 0.11550105964274901
stangen: 0.11489554950045412
blätter: 0.11292764153799575
gelbe: 0.11095973357553739
'einige: 0.10793218286406298
geviertelt: 0.1074780502573418
geröstete: 0.10460187708144111
zweige: 0.10399636693914623
grüner: 0.10278534665455646
dijonsenf: 0.10263396911898275
besten: 0.1023312140478353
limettensaft: 0.10081743869209808
tomatenmark: 0.10066606115652436
gekochte: 0.10066606115652436
zerkrümelt: 0.10036330608537693
dicke: 0.09975779594308204
haut: 0.09900090826521343
spargel: 0.09809264305177111
crxc3xa8me: 0.09778988798062367
kopf: 0.09703300030275507
kleiner: 0.09551922494701785
entsteint: 0.09476233726914926
eiweiB: 0.09461095973357553
etwa: 0.09461095973357553
feta: 0.09339993944898577
salatgurke: 0.09067514380865879
stange: 0.09052376627308507
ganze: 0.08961550105964275
gepresster: 0.08810172570390554
knochen: 0.08795034816833182
ringe: 0.08734483802603693
geraspelt: 0.08689070541931578
'weiBer: 0.08628519527702089
glatte: 0.08537693006357856
messerspitze: 0.0849227974568574
fraiche: 0.08446866485013624
entkernt: 0.08401453224341507
eingelegte: 0.08250075688767787
mundgerechte: 0.08234937935210415
hartgekochte: 0.08219800181653042
limette: 0.08144111413866181
groBes: 0.08098698153194066
