doliva: 0.3763188745603751
daglio: 0.3341148886283704
dolci: 0.30304806565064474
dolio: 0.2148300117233294
vedere: 0.2104337631887456
fondente: 0.17995310668229775
friggere: 0.17028135990621335
temperatura: 0.1682297772567409
pancetta: 0.16793669402110198
'20g: 0.16793669402110198
condire: 0.1667643610785463
dacqua: 0.16500586166471276
'xc2xbd: 0.1611957796014068
affettato: 0.16090269636576787
finale: 0.1573856975381008
passata: 0.15709261430246188
rossa: 0.1559202813599062
aglio: 0.1547479484173505
reggianoxe2x84xa2: 0.1544548651817116
dadini: 0.15386869871043377
'parmigiano: 0.15328253223915592
foglia: 0.1518171160609613
salvia: 0.14830011723329425
spalmabile: 0.1447831184056272
guarnire: 0.14185228604923797
sbattuto: 0.14155920281359904
filetti: 0.14126611957796012
'500ml: 0.13980070339976552
confezione: 0.138042203985932
gusto: 0.138042203985932
piacere: 0.13745603751465416
nere: 0.13745603751465416
verdi: 0.1368698710433763
sfoglia: 0.13628370457209846
fogli: 0.13628370457209846
corta: 0.1354044548651817
sbucciate: 0.1351113716295428
altra: 0.1339390386869871
spolverare: 0.1339390386869871
integrale: 0.1339390386869871
rondelle: 0.13335287221570924
'150ml: 0.13335287221570924
media: 0.1324736225087925
400g: 0.1313012895662368
spennellare: 0.1313012895662368
puliti: 0.13012895662368112
canna: 0.12661195779601406
1/2kg: 0.1254396248534584
'60ml: 0.12514654161781946
piccole: 0.12280187573270808
'15g: 0.12192262602579132
'125ml: 0.12192262602579132
essenza: 0.11957796014067995
piccolo: 0.1189917936694021
fino: 0.11811254396248534
servire: 0.11459554513481827