carrot: 0.43103448275862066
onion: 0.41379310344827586
breast: 0.41379310344827586
pepper: 0.4051724137931034
clove: 0.4051724137931034
garlic: 0.39655172413793105
chicken: 0.39655172413793105
rice: 0.39655172413793105
vinegar: 0.3879310344827586
paprika: 0.3706896551724138
canola: 0.3706896551724138
salt: 0.35344827586206895
oregano: 0.35344827586206895
parsley: 0.35344827586206895
chili: 0.3448275862068966
olive: 0.3448275862068966
seed: 0.3448275862068966
chive: 0.3448275862068966
cayenne: 0.3448275862068966
kosher: 0.3448275862068966
black-pepper: 0.33620689655172414
oil: 0.33620689655172414
tomato: 0.33620689655172414
mustard: 0.33620689655172414
cumin: 0.33620689655172414
pepperoni: 0.3275862068965517
curry: 0.3275862068965517
meat: 0.3189655172413793
water: 0.3103448275862069
thynme: 0.3103448275862069
mushroom: 0.3103448275862069
coriander: 0.3103448275862069
sauce: 0.3017241379310345
turkey: 0.3017241379310345
lemon: 0.29310344827586204
corn: 0.29310344827586204
celery: 0.29310344827586204
cherry: 0.29310344827586204
wheat: 0.28448275862068967
potato: 0.27586206896551724
filet: 0.27586206896551724
sicilian lemon: 0.27586206896551724
peas: 0.2672413793103448
spinach: 0.2672413793103448
basil: 0.25862068965517243
bacon: 0.25862068965517243
parmensan cheese: 0.25
brown sugar: 0.25
ginger: 0.25
salad: 0.25
cilantro: 0.25
cucumber: 0.25
Dijon: 0.25
shrimp: 0.25
chile: 0.25
flour: 0.24137931034482757
nutmeg: 0.24137931034482757
lime: 0.24137931034482757
cheese: 0.23275862068965517
piece: 0.23275862068965517
beef: 0.21551724137931033
jalapeno: 0.20689655172413793
orange: 0.19827586206896552
sugar: 0.19827586206896552
apple: 0.19827586206896552
