pepper: 0.3523489932885906
salad: 0.3389261744966443
olive: 0.337248322147651
chicken: 0.3187919463087248
clove: 0.313758389261745
onion: 0.313758389261745
garlic: 0.31208053691275167
celery: 0.2885906040268456
cilantro: 0.2885906040268456
breast: 0.28691275167785235
lettuce: 0.28691275167785235
cucumber: 0.28523489932885904
spinach: 0.2835570469798658
tomato: 0.28187919463087246
parsley: 0.2785234899328859
orange: 0.27013422818791943
mushroom: 0.2684563758389262
carrot: 0.2684563758389262
oregano: 0.26677852348993286
lemon: 0.2634228187919463
cayenne: 0.26174496644295303
lime: 0.26174496644295303
rice: 0.25838926174496646
pasta: 0.25167785234899326
chunks: 0.25167785234899326
mustard: 0.25
Dijon: 0.25
apple: 0.25
shrimp: 0.2483221476510067
avocado: 0.2483221476510067
sauce: 0.24664429530201343
vinegar: 0.24664429530201343
honey: 0.24664429530201343
turkey: 0.24496644295302014
kosher: 0.24496644295302014
chile: 0.24328859060402683
cheese: 0.24161073825503354
canola: 0.24161073825503354
carrot: 0.23993288590604026
romaine: 0.23993288590604026
meat: 0.23825503355704697
cherry: 0.2348993288590604
beef: 0.2332214765100671
seed: 0.2332214765100671
ginger: 0.2332214765100671
salt: 0.23154362416107382
mayonnaise: 0.22986577181208054
torn: 0.22818791946308725
jalapeno: 0.22651006711409397
